0,0
1,+37
2,0
3,0
4,+10
5,0
6,0
7,0
8,0
9,+22
10,0
11,0
12,0
13,0
14,0
15,0
16,-10
17,0
18,0
19,0
20,0
21,+21
22,0
23,0
24,0
25,0
26,0
27,0
28,+56
29,0
30,0
31,0
32,0
33,0
34,0
35,0
36,+8
37,0
38,0
39,0
40,0
41,0
42,0
43,0
44,0
45,0
46,0
47,-21
48,0
49,-38
50,0
51,+16
52,0
53,0
54,0
55,0
56,-3
57,0
58,0
59,0
60,0
61,0
62,-43
63,0
64,-4
65,0
66,0
67,0
68,0
69,0
70,0
71,+20
72,0
73,0
74,0
75,0
76,0
77,0
78,0
79,0
80,+20
81,0
82,0
83,0
84,0
85,0
86,0
87,-63
88,0
89,0
90,0
91,0
92,0
93,-20
94,0
95,-20
96,0
97,0
98,-20
99,0
100,0
